<?xml version='1.0' encoding='utf-8'?>
<!-- FreeCAD DocumentObject -->
<Document SchemaVersion="4" FileVersion="2">
<Object name="Body006" Extensions="True">
  <Extensions Count="1">
    <Extension type="App::OriginGroupExtension" name="OriginGroupExtension">
    </Extension>
  </Extensions>
  <Properties Count="16" TransientCount="2">
    <_Property name="_ElementMapVersion" type="App::PropertyString" status="234881024"/>
    <_Property name="_GroupTouched" type="App::PropertyBool" status="100663424"/>
    <Property name="AutoGroupSolids" type="App::PropertyBool" status="134217728">
      <Bool value="false"/>
    </Property>
    <Property name="BaseFeature" type="App::PropertyLink">
      <Link value=""/>
    </Property>
    <Property name="ColoredElements" type="App::PropertyLinkSubHidden" status="218103808">
      <LinkSub value="" count="0">
      </LinkSub>
    </Property>
    <Property name="ExportMode" type="App::PropertyEnumeration" status="8">
      <Integer value="0"/>
    </Property>
    <Property name="ExpressionEngine" type="App::PropertyExpressionEngine" status="67108864">
      <ExpressionEngine count="0"></ExpressionEngine>
    </Property>
    <Property name="Group" type="App::PropertyLinkList">
      <LinkList count="6">
        <Link value="Sketch011"/>
        <Link value="Import001"/>
        <Link value="Pad006"/>
        <Link value="Sketch012"/>
        <Link value="Pocket001"/>
        <Link value="Chamfer008"/>
      </LinkList>
    </Property>
    <Property name="Label" type="App::PropertyString" status="134217728">
      <String value="Pie"/>
    </Property>
    <Property name="Label2" type="App::PropertyString" status="128">
      <String value=""/>
    </Property>
    <Property name="Origin" type="App::PropertyLink" status="67108864">
      <Link value="Origin007"/>
    </Property>
    <Property name="Placement" type="App::PropertyPlacement" status="8388608">
      <PropertyPlacement Px="0" Py="0" Pz="0" Q0="0" Q1="0" Q2="0" Q3="1" A="0" Ox="0" Oy="0" Oz="1"/>
    </Property>
    <Property name="Shape" type="Part::PropertyPartShape">
      <Part HasherIndex="0" ElementMap="1.15.70200.3.0" brep="1">
<![CDATA[

CASCADE Topology V1, (c) Matra-Datavision
Locations 34
1
              1               0               0               0 
              0               1               0               0 
              0               0               1               0 
1
              1               0               0               0 
              0               1               0               0 
              0               0               1               0 
2  2 -1 0
1
              1               0               0               0 
              0               1               0               0 
              0               0               1               0 
2  4 -1 2 -1 0
2  4 -1 0
1
              1               0               0               0 
              0               1               0               0 
              0               0               1               0 
1
              0               0              -1           -82.5 
             -1               0               0               0 
              0               1               0               0 
1
              1               0               0               0 
              0               1               0               0 
              0               0               1               0 
2  7 1 8 1 9 -1 2 1 0
1
              1               0               0               0 
              0               1               0               0 
              0               0               1               0 
1
              1               0               0               0 
              0               1               0               0 
              0               0               1               0 
2  11 -1 12 1 8 -1 7 -1 0
2  4 -1 2 -1 9 1 8 -1 7 -1 0
2  11 -1 12 1 9 -1 0
1
              1               0               0               0 
              0               1               0               0 
              0               0               1               0 
1
              0               0              -1           -82.5 
             -1               0               0               0 
              0               1               0               0 
2  16 1 17 1 11 -1 12 1 9 -1 0
2  17 -1 16 -1 0
2  11 1 17 -1 16 -1 0
2  4 -1 2 -1 9 1 12 -1 11 1 17 -1 16 -1 0
2  7 1 8 1 9 -1 0
1
              1               0               0               1 
              0               1               0               0 
              0               0               1               0 
2  9 -1 23 1 2 1 0
2  2 -1 23 -1 9 1 0
2  12 1 9 -1 2 1 0
2  4 -1 2 -1 9 1 12 -1 0
2  16 1 17 1 11 -1 0
1
              1               0               0               2 
              0               1               0              -0 
              0               0               1              -0 
2  16 1 17 1 11 -1 29 1 0
2  29 -1 11 1 17 -1 16 -1 0
2  4 -1 2 -1 9 1 12 -1 29 -1 11 1 17 -1 16 -1 0
2  11 -1 29 1 12 1 9 -1 2 1 0
2  16 1 17 1 0
Curve2ds 64
1 -5.1543425000000003 -39.459409011115319 1 0 
1 -5.1543425000000003 -38.459409011115319 0 -1 
1 -13.1543425 -47.5 0 1 
1 0 0 1 0 
1 13.154342500000004 -47.5 -1 0 
1 0 0 1 0 
1 -13.1543425 47.5 1 0 
1 0 0 1 0 
1 13.154342500000004 47.5 0 -1 
1 10.154342500000004 -39.459409011115319 -0.68671268308697508 0.72692894486840165 
1 2.5000000000000018 -31.356801830228811 0.68671268308697531 0.72692894486840154 
1 10.154342500000004 -23.254194649342306 -1 0 
1 -5.1543425000000003 -23.254194649342306 0 -1 
1 -5.1543425000000003 -24.254194649342306 1 0 
1 7.6543425000000038 -24.254194649342306 -0.73303204385846621 -0.68019410661713298 
1 1.7763568394002505e-15 -31.356801830228811 0.7330320438584661 -0.6801941066171332 
1 7.6543425000000038 -38.459409011115319 -1 0 
1 -2.1543425000000003 -18.880421098947743 -1 0 
1 -2.1543425000000003 -13.880421098947744 0 -1 
1 7.1543425000000038 -13.880421098947744 -1 0 
1 7.1543425000000038 -18.880421098947743 0 1 
1 10.154342500000004 -18.880421098947743 -1 0 
1 10.154342500000004 -4.7760001621493702 0 -1 
1 7.1543425000000038 -4.7760001621493702 1 0 
1 7.1543425000000038 -9.7760001621493711 0 1 
1 -2.1543425000000003 -9.7760001621493711 1 0 
1 -2.1543425000000003 -4.7760001621493702 0 -1 
1 -5.1543425000000003 -4.7760001621493702 1 0 
1 -5.1543425000000003 -18.880421098947743 0 1 
1 -5.197492500000001 2.1775609888846774 1 0 
1 10.111192500000003 2.1775609888846774 -0.71824634316989733 0.69578889795905075 
1 2.4568500000000011 9.5925747697711827 0.71824634316989733 0.69578889795905075 
1 10.111192500000003 17.00758855065769 -1 0 
1 -5.197492500000001 17.00758855065769 0 -1 
1 -5.197492500000001 16.00758855065769 1 0 
1 7.6111925000000031 16.00758855065769 -0.76642603032923406 -0.64233257743459671 
1 -0.043149999999998911 9.5925747697711827 0.76642603032923406 -0.64233257743459671 
1 7.6111925000000031 3.1775609888846779 -1 0 
1 -5.197492500000001 3.1775609888846779 0 -1 
1 -2.197492500000001 21.610559901052255 -1 0 
1 -2.197492500000001 26.610559901052255 0 -1 
1 7.1111925000000031 26.610559901052255 -1 0 
1 7.1111925000000031 21.610559901052255 0 1 
1 10.111192500000003 21.610559901052255 -1 0 
1 10.111192500000003 35.714980837850632 0 -1 
1 7.1111925000000031 35.714980837850632 1 0 
1 7.1111925000000031 30.714980837850632 0 1 
1 -2.197492500000001 30.714980837850632 1 0 
1 -2.197492500000001 35.714980837850632 0 -1 
1 -5.197492500000001 35.714980837850632 1 0 
1 -5.197492500000001 21.610559901052255 0 1 
1 0 0 0 -1 
1 26.308685000000004 0 0 -1 
1 95 0 0 -1 
1 0 0 0 -1 
1 0 -2 1 0 
1 -13.1543425 -47.5 0 1 
1 0 0 0 -1 
1 0 -2 1 0 
1 13.154342500000004 -47.5 -1 0 
1 26.308685000000004 0 0 -1 
1 0 -2 1 0 
1 -13.1543425 47.5 1 0 
1 13.154342500000004 47.5 0 -1 
Curves 232
1 -82.5 39.459409011115319 8 1 0 0 
1 -81.900000000000034 39.459409011115319 8 0 0 1 
1 -39.459409011115319 8 0 0 1 0 
1 -82.5 39.459409011115319 23.308685000000004 1 0 0 
1 -82.5 38.459409011115319 8 1 0 0 
1 -81.900000000000034 38.459409011115319 8 0 1 0 
1 -38.459409011115319 8 0 -1 0 0 
8 -0.51961524227066547 0.17320508075689228
1 -81.600000000000023 39.159409011115322 8.2999999999999972 0.57735026918963173 -0.57735026918962151 0.57735026918962429 
1 -81.500000000000028 39.059409011115321 8 0 0 1 
8 -6.6832272817402423 -5.5962927835338503
1 -79.440522527247538 36.999931538362873 17.601893605403276 0.36800745643833188 -0.36800745643832539 -0.85389754889657776 
1 -47.5 0 0 1 0 0 
1 -47.5 26.308685000000004 0 0 -1 0 
1 47.5 0 0 0 1 0 
1 47.5 26.308685000000004 0 -1 0 0 
1 -39.459409011115319 23.308685000000004 0 0.72692894486840165 -0.68671268308697508 0 
1 -31.356801830228811 15.654342500000002 0 0.72692894486840154 0.68671268308697531 0 
1 -23.254194649342306 23.308685000000004 0 0 -1 0 
1 -23.254194649342306 8 0 -1 0 0 
1 -24.254194649342306 8 0 0 1 0 
1 -24.254194649342306 20.808685000000004 0 -0.68019410661713298 -0.73303204385846621 0 
1 -31.356801830228811 13.154342500000002 0 -0.6801941066171332 0.7330320438584661 0 
1 -38.459409011115319 20.808685000000004 0 0 -1 0 
1 -18.880421098947743 11 0 0 -1 0 
1 -13.880421098947743 11 0 -1 0 0 
1 -13.880421098947743 20.308685000000004 0 0 -1 0 
1 -18.880421098947743 20.308685000000004 0 1 0 0 
1 -18.880421098947743 23.308685000000004 0 0 -1 0 
1 -4.7760001621493693 23.308685000000004 0 -1 0 0 
1 -4.7760001621493693 20.308685000000004 0 0 1 0 
1 -9.7760001621493693 20.308685000000004 0 1 0 0 
1 -9.7760001621493693 11 0 0 1 0 
1 -4.7760001621493693 11 0 -1 0 0 
1 -4.7760001621493693 8 0 0 1 0 
1 -18.880421098947743 8 0 1 0 0 
1 2.1775609888846783 7.9568499999999993 0 0 1 0 
1 2.1775609888846783 23.265535000000003 0 0.69578889795905075 -0.71824634316989733 0 
1 9.5925747697711845 15.611192500000001 0 0.69578889795905075 0.71824634316989733 0 
1 17.00758855065769 23.265535000000003 0 0 -1 0 
1 17.00758855065769 7.9568499999999993 0 -1 0 0 
1 16.00758855065769 7.9568499999999993 0 0 1 0 
1 16.00758855065769 20.765535000000003 0 -0.64233257743459671 -0.76642603032923406 0 
1 9.5925747697711845 13.111192500000001 0 -0.64233257743459671 0.76642603032923406 0 
1 3.1775609888846787 20.765535000000003 0 0 -1 0 
1 3.1775609888846787 7.9568499999999993 0 -1 0 0 
1 21.610559901052255 10.956849999999999 0 0 -1 0 
1 26.610559901052255 10.956849999999999 0 -1 0 0 
1 26.610559901052255 20.265535000000003 0 0 -1 0 
1 21.610559901052255 20.265535000000003 0 1 0 0 
1 21.610559901052255 23.265535000000003 0 0 -1 0 
1 35.714980837850632 23.265535000000003 0 -1 0 0 
1 35.714980837850632 20.265535000000003 0 0 1 0 
1 30.714980837850632 20.265535000000003 0 1 0 0 
1 30.714980837850632 10.956849999999999 0 0 1 0 
1 35.714980837850632 10.956849999999999 0 -1 0 0 
1 35.714980837850632 7.9568499999999993 0 0 1 0 
1 21.610559901052255 7.9568499999999993 0 1 0 0 
1 -81.900000000000034 39.459409011115319 23.308685000000004 0 -0.72692894486840165 -0.68671268308697508 
1 -82.5 31.356801830228811 15.654342500000002 1 0 0 
1 -82.5 38.459409011115319 20.808685000000004 1 0 0 
1 -81.900000000000034 38.459409011115319 20.808685000000004 0 0 -1 
8 -3.9284889740334048 -3.2356686510058514
1 -79.631885833333342 40.727523177781961 10.268114166666656 0.57735026918963173 0.57735026918962151 0.57735026918962429 
1 -81.500000000000028 38.459409011115319 8.4000000000000004 0 1 0 
1 -81.500000000000028 39.734094084350112 23.017913422052644 0 -0.72692894486840165 -0.68671268308697508 
1 -81.500000000000028 38.859409011115318 20.808685000000004 0 0 -1 
1 -81.500000000000028 31.082116756994022 15.363570922052642 0 -0.72692894486840154 0.68671268308697531 
1 -81.500000000000028 31.063589012685426 13.426420142646855 0 0.6801941066171332 0.7330320438584661 
1 -81.500000000000028 23.654194649342305 23.308685000000004 0 0 -1 
1 -81.500000000000028 24.547407466885694 21.080762642646857 0 0.68019410661713298 -0.73303204385846621 
1 -81.500000000000028 23.254194649342306 8.4000000000000004 0 1 0 
1 -81.500000000000028 23.854194649342308 8 0 0 1 
8 2.8604817224922927 3.5407656241780328
1 -83.581934095693953 31.356801830228807 17.968095594531643 0.58798980691562319 2.746200813508508e-15 -0.80886833722388229 
1 -82.5 47.5 0 1 0 0 
1 -82.5 -47.5 0 1 0 0 
1 -47.5 0 0 1 0 0 
1 -82.5 47.5 26.308685000000004 1 0 0 
1 -47.5 26.308685000000004 0 0 -1 0 
1 -82.5 -47.5 26.308685000000004 1 0 0 
1 47.5 0 0 0 1 0 
1 47.5 26.308685000000004 0 -1 0 0 
1 -81.900000000000034 31.356801830228811 15.654342500000002 0 -0.72692894486840154 0.68671268308697531 
1 -82.5 23.254194649342306 23.308685000000004 1 0 0 
1 -81.900000000000034 23.254194649342306 23.308685000000004 0 0 -1 
1 -82.5 23.254194649342306 8 1 0 0 
1 -81.900000000000034 23.254194649342306 8 0 1 0 
1 -82.5 24.254194649342306 8 1 0 0 
1 -81.900000000000034 24.254194649342306 8 0 0 1 
1 -82.5 24.254194649342306 20.808685000000004 1 0 0 
1 -81.900000000000034 24.254194649342306 20.808685000000004 0 0.68019410661713298 -0.73303204385846621 
1 -82.5 31.356801830228811 13.154342500000002 1 0 0 
1 -81.900000000000034 31.356801830228815 13.154342500000002 0 0.6801941066171332 0.7330320438584661 
1 -82.5 18.880421098947743 11 1 0 0 
1 -81.900000000000034 18.880421098947743 11 0 0 -1 
1 -82.5 18.880421098947743 8 1 0 0 
1 -82.5 13.880421098947743 11 1 0 0 
1 -81.900000000000034 13.880421098947743 11 0 1 0 
1 -82.5 13.880421098947743 20.308685000000004 1 0 0 
1 -81.900000000000034 13.880421098947743 20.308685000000004 0 0 -1 
1 -82.5 18.880421098947743 20.308685000000004 1 0 0 
1 -81.900000000000034 18.880421098947743 20.308685000000004 0 -1 0 
1 -82.5 18.880421098947743 23.308685000000004 1 0 0 
1 -81.900000000000034 18.880421098947743 23.308685000000004 0 0 -1 
1 -82.5 4.7760001621493693 23.308685000000004 1 0 0 
1 -81.900000000000034 4.7760001621493693 23.308685000000004 0 1 0 
1 -82.5 4.7760001621493693 20.308685000000004 1 0 0 
1 -81.900000000000034 4.7760001621493693 20.308685000000004 0 0 1 
1 -82.5 9.7760001621493693 20.308685000000004 1 0 0 
1 -81.900000000000034 9.7760001621493693 20.308685000000004 0 -1 0 
1 -82.5 9.7760001621493693 11 1 0 0 
1 -81.900000000000034 9.7760001621493693 11 0 0 1 
1 -82.5 4.7760001621493693 11 1 0 0 
1 -81.900000000000034 4.7760001621493693 11 0 1 0 
1 -82.5 4.7760001621493693 8 1 0 0 
1 -81.900000000000034 4.7760001621493693 8 0 0 1 
1 -81.900000000000034 18.880421098947743 8 0 -1 0 
1 -82.5 -2.1775609888846783 7.9568499999999993 1 0 0 
1 -81.900000000000034 -2.1775609888846783 7.9568499999999993 0 0 1 
1 -82.5 -2.1775609888846783 23.265535000000003 1 0 0 
1 -81.900000000000034 -2.1775609888846792 23.265535000000003 0 -0.69578889795905075 -0.71824634316989733 
1 -82.5 -9.5925747697711845 15.611192500000001 1 0 0 
1 -81.900000000000034 -9.5925747697711863 15.611192500000001 0 -0.69578889795905075 0.71824634316989733 
1 -82.5 -17.00758855065769 23.265535000000003 1 0 0 
1 -81.900000000000034 -17.00758855065769 23.265535000000003 0 0 -1 
1 -82.5 -17.00758855065769 7.9568499999999993 1 0 0 
1 -81.900000000000034 -17.00758855065769 7.9568499999999993 0 1 0 
1 -82.5 -16.00758855065769 7.9568499999999993 1 0 0 
1 -81.900000000000034 -16.00758855065769 7.9568499999999993 0 0 1 
1 -82.5 -16.00758855065769 20.765535000000003 1 0 0 
1 -81.900000000000034 -16.007588550657694 20.765535000000003 0 0.64233257743459671 -0.76642603032923406 
1 -82.5 -9.5925747697711845 13.111192500000001 1 0 0 
1 -81.900000000000034 -9.5925747697711863 13.111192500000001 0 0.64233257743459671 0.76642603032923406 
1 -82.5 -3.1775609888846787 20.765535000000003 1 0 0 
1 -81.900000000000034 -3.1775609888846787 20.765535000000003 0 0 -1 
1 -82.5 -3.1775609888846787 7.9568499999999993 1 0 0 
1 -81.900000000000034 -3.1775609888846787 7.9568499999999993 0 1 0 
1 -82.5 -21.610559901052255 10.956849999999999 1 0 0 
1 -81.900000000000034 -21.610559901052255 10.956849999999999 0 0 -1 
1 -82.5 -21.610559901052255 7.9568499999999993 1 0 0 
1 -82.5 -26.610559901052255 10.956849999999999 1 0 0 
1 -81.900000000000034 -26.610559901052255 10.956849999999999 0 1 0 
1 -82.5 -26.610559901052255 20.265535000000003 1 0 0 
1 -81.900000000000034 -26.610559901052255 20.265535000000003 0 0 -1 
1 -82.5 -21.610559901052255 20.265535000000003 1 0 0 
1 -81.900000000000034 -21.610559901052255 20.265535000000003 0 -1 0 
1 -82.5 -21.610559901052255 23.265535000000003 1 0 0 
1 -81.900000000000034 -21.610559901052255 23.265535000000003 0 0 -1 
1 -82.5 -35.714980837850632 23.265535000000003 1 0 0 
1 -81.900000000000034 -35.714980837850632 23.265535000000003 0 1 0 
1 -82.5 -35.714980837850632 20.265535000000003 1 0 0 
1 -81.900000000000034 -35.714980837850632 20.265535000000003 0 0 1 
1 -82.5 -30.714980837850632 20.265535000000003 1 0 0 
1 -81.900000000000034 -30.714980837850632 20.265535000000003 0 -1 0 
1 -82.5 -30.714980837850632 10.956849999999999 1 0 0 
1 -81.900000000000034 -30.714980837850632 10.956849999999999 0 0 1 
1 -82.5 -35.714980837850632 10.956849999999999 1 0 0 
1 -81.900000000000034 -35.714980837850632 10.956849999999999 0 1 0 
1 -82.5 -35.714980837850632 7.9568499999999993 1 0 0 
1 -81.900000000000034 -35.714980837850632 7.9568499999999993 0 0 1 
1 -81.900000000000034 -21.610559901052255 7.9568499999999993 0 -1 0 
8 4.4276776869368479 5.5932872817276227
1 -83.419437625333472 36.939971385781917 16.937386987079691 0.34316807427430607 0.34316807427429996 0.87434052039107335 
8 -4.9061250617362573 -3.8191905635298782
1 -80.094509395062119 25.05968525428019 19.119356835203341 0.36800745643833288 0.36800745643832633 -0.85389754889657687 
8 -3.3894715929803589 -2.6782590355009068
1 -79.993694180545589 31.356801830228804 15.956933408843975 0.56241976578368047 2.5046380617005677e-16 0.82685186524300114 
8 -4.6501768105204295 -3.9573564874928762
1 -79.215219166666685 25.938975482675616 10.684780833333319 0.57735026918963173 0.57735026918962151 0.57735026918962429 
8 5.4623089245029419 6.62791851929373
1 -83.774490034713068 26.128684684055305 16.032766972413292 0.34316807427430585 -0.34316807427429974 0.87434052039107357 
8 -0.51961524227066547 0.17320508075688817
1 -81.600000000000023 23.954194649342313 8.3000000000000007 0.57735026918963173 -0.57735026918962151 0.57735026918962429 
8 -1.6743157806498978 -0.98149545762234602
1 -80.933333333333366 17.913754432281088 10.033333333333342 0.57735026918963173 -0.57735026918962151 -0.57735026918962429 
1 -81.500000000000028 18.480421098947744 11 0 0 -1 
8 -1.0969655114602874 -0.40414518843273362
1 -81.266666666666694 18.247087765614417 8.6333333333333329 0.57735026918963173 -0.57735026918962151 0.57735026918962429 
8 2.4562457875998565 3.1490661106274063
1 -83.318114166666703 15.298535265614392 12.418114166666655 0.57735026918963084 -0.57735026918962329 -0.57735026918962329 
1 -81.500000000000028 13.880421098947743 10.6 0 1 0 
8 1.2124355652982097 1.9052558883257622
1 -82.600000000000037 14.580421098947735 19.608685000000008 0.57735026918963162 -0.57735026918962418 0.5773502691896214 
1 -81.500000000000028 13.480421098947742 20.308685000000004 0 0 -1 
8 -1.0969655114602859 -0.40414518843273151
1 -81.266666666666694 18.247087765614413 20.94201833333333 0.57735026918963273 -0.5773502691896224 0.5773502691896224 
1 -81.500000000000028 18.880421098947743 20.708685000000003 0 -1 0 
8 -4.3025357199879908 -3.6097153969604383
1 -79.415929843866962 16.39635094281471 20.824614843866968 0.57735026918963273 -0.5773502691896224 -0.5773502691896224 
1 -81.500000000000028 18.480421098947744 23.308685000000004 0 0 -1 
8 -1.0969655114602845 -0.4041451884327299
1 -81.266666666666694 5.4093334954826977 22.675351666666678 0.57735026918963162 0.57735026918962418 -0.5773502691896214 
1 -81.500000000000028 4.7760001621493693 22.908685000000006 0 1 0 
8 -1.6743157806499087 -0.98149545762235202
1 -80.933333333333366 5.7426668288160378 21.275351666666658 0.57735026918963162 0.57735026918962418 0.5773502691896214 
1 -81.500000000000028 5.1760001621493696 20.308685000000004 0 0 1 
8 2.4562457875998449 3.1490661106274001
1 -83.318114166666703 8.3578859954827198 18.89057083333336 0.57735026918963162 0.57735026918962418 0.5773502691896214 
1 -81.500000000000028 9.7760001621493693 20.708685000000003 0 -1 0 
8 1.2124355652982055 1.9052558883257582
1 -82.600000000000023 9.0760001621493771 11.699999999999992 0.57735026918963084 0.57735026918962329 -0.57735026918962329 
1 -81.500000000000028 10.17600016214937 11 0 0 1 
8 -1.0969655114602812 -0.40414518843272784
1 -81.266666666666694 5.4093334954826977 10.366666666666669 0.57735026918963084 0.57735026918962329 -0.57735026918962329 
1 -81.500000000000028 4.7760001621493693 10.6 0 1 0 
8 -4.3025357199879988 -3.6097153969604436
1 -79.415929843866962 7.2600703182824162 10.48407015613304 0.57735026918963084 0.57735026918962329 0.57735026918962329 
1 -81.500000000000028 5.1760001621493696 8 0 0 1 
1 -81.500000000000028 18.880421098947743 8.4000000000000004 0 -1 0 
8 -0.51961524227066691 0.17320508075688582
1 -81.600000000000023 -2.4775609888846768 8.2568499999999982 0.57735026918963106 -0.57735026918962284 0.57735026918962362 
1 -81.500000000000028 -2.5775609888846782 7.9568499999999993 0 0 1 
8 -6.7828250129779226 -5.6445175367312501
1 -79.516522721842136 -4.5610382670425338 17.379552729750692 0.35139890437943816 -0.35139890437943305 -0.86777740233418421 
1 -81.500000000000028 -1.8902624516167204 22.987219440816382 0 -0.69578889795905075 -0.71824634316989733 
8 2.9130873707460339 3.6134409069616602
1 -83.563781059198789 -9.5925747697711863 18.002407801191325 0.57114011612108406 5.0753029199017008e-16 -0.82085258588689036 
1 -81.500000000000028 -9.879873307039146 15.332876940816382 0 -0.69578889795905075 0.71824634316989733 
8 -4.7645061466458021 -3.6261986703991278
1 -80.225757760159595 -15.33334631081728 19.131004232658455 0.35139890437943883 0.35139890437943261 -0.86777740233418421 
1 -81.500000000000028 -16.607588550657692 23.265535000000003 0 0 -1 
8 -4.6501768105204313 -3.9573564874928797
1 -79.215219166666685 -14.322807717324382 10.64163083333332 0.57735026918963173 0.57735026918962151 0.57735026918962429 
1 -81.500000000000028 -17.00758855065769 8.3568499999999997 0 1 0 
8 -0.51961524227066602 0.17320508075688509
1 -81.600000000000023 -16.307588550657684 8.25685 0.57735026918963173 -0.57735026918962151 0.57735026918962429 
1 -81.500000000000028 -16.407588550657689 7.9568499999999993 0 0 1 
8 5.5660204864643479 6.802958510859586
1 -83.699935122597864 -14.207653428059887 15.815681349171694 0.32337917673407462 -0.32337917673406885 0.88929849663068028 
1 -81.500000000000028 -15.701018138526001 21.02246803097384 0 0.64233257743459671 -0.76642603032923406 
8 -3.4362803098196215 -2.6961498438051446
1 -80.042878604458153 -9.5925747697711934 16.002407208366474 0.54044525710982116 -9.7503842594165858e-16 0.84137917972071263 
1 -81.500000000000028 -9.8991451819028793 13.36812553097384 0 0.64233257743459671 0.76642603032923406 
8 4.3113869058799343 5.5483249302751831
1 -83.294212748205553 -4.571773737090175 16.931425106207783 0.32337917673407368 0.32337917673406907 0.88929849663068061 
1 -81.500000000000028 -2.7775609888846788 20.765535000000003 0 0 -1 
8 -3.9284889740334048 -3.2356686510058519
1 -79.631885833333342 -0.90944682221803141 10.224964166666652 0.57735026918963106 0.57735026918962284 0.57735026918962362 
1 -81.500000000000028 -3.1775609888846787 8.3568499999999997 0 1 0 
8 -1.6743157806499007 -0.98149545762234203
1 -80.933333333333366 -22.577226567718906 9.9901833333333414 0.57735026918963173 -0.57735026918962151 -0.57735026918962429 
1 -81.500000000000028 -22.010559901052254 10.956849999999999 0 0 -1 
8 -1.0969655114602888 -0.40414518843273561
1 -81.266666666666694 -22.243893234385581 8.5901833333333339 0.57735026918963173 -0.57735026918962151 0.57735026918962429 
8 2.4562457875998587 3.1490661106274231
1 -83.318114166666703 -25.192445734385608 12.374964166666661 0.57735026918963173 -0.57735026918962151 -0.57735026918962429 
1 -81.500000000000028 -26.610559901052255 10.556849999999999 0 1 0 
8 1.2124355652982128 1.9052558883257631
1 -82.600000000000037 -25.910559901052267 19.565535000000011 0.57735026918963273 -0.5773502691896224 0.5773502691896224 
1 -81.500000000000028 -27.010559901052254 20.265535000000003 0 0 -1 
8 -1.0969655114602799 -0.4041451884327274
1 -81.266666666666694 -22.243893234385581 20.898868333333329 0.57735026918963273 -0.5773502691896224 0.5773502691896224 
1 -81.500000000000028 -21.610559901052255 20.665535000000002 0 -1 0 
8 -4.3025357199879908 -3.6097153969604365
1 -79.415929843866962 -24.094630057185284 20.781464843866964 0.57735026918963273 -0.5773502691896224 -0.5773502691896224 
1 -81.500000000000028 -22.010559901052254 23.265535000000003 0 0 -1 
8 -1.0969655114602819 -0.40414518843272529
1 -81.266666666666694 -35.081647504517306 22.632201666666674 0.57735026918963273 0.5773502691896224 -0.5773502691896224 
1 -81.500000000000028 -35.714980837850632 22.865535000000005 0 1 0 
8 -1.6743157806498954 -0.98149545762234069
1 -80.933333333333366 -34.748314171183971 21.232201666666654 0.57735026918963273 0.5773502691896224 0.5773502691896224 
1 -81.500000000000028 -35.314980837850634 20.265535000000003 0 0 1 
8 2.4562457875998507 3.1490661106274054
1 -83.318114166666703 -32.133095004517287 18.847420833333359 0.57735026918963273 0.5773502691896224 0.5773502691896224 
1 -81.500000000000028 -30.714980837850632 20.665535000000002 0 -1 0 
8 1.2124355652981966 1.9052558883257658
1 -82.600000000000023 -31.414980837850621 11.65684999999999 0.57735026918963173 0.57735026918962151 -0.57735026918962429 
1 -81.500000000000028 -30.314980837850634 10.956849999999999 0 0 1 
8 -1.0969655114602832 -0.40414518843271408
1 -81.266666666666694 -35.081647504517306 10.323516666666666 0.57735026918963173 0.57735026918962151 -0.57735026918962429 
1 -81.500000000000028 -35.714980837850632 10.556849999999999 0 1 0 
8 -4.3025357199879855 -3.6097153969604339
1 -79.415929843866962 -33.230910681717603 10.440920156133036 0.57735026918963173 0.57735026918962151 0.57735026918962429 
1 -81.500000000000028 -35.314980837850634 7.9568499999999993 0 0 1 
1 -81.500000000000028 -21.610559901052255 8.3568499999999997 0 -1 0 
Polygon3D 0
PolygonOnTriangulations 0
Surfaces 98
1 -82.5 39.459409011115319 8 0 -1 0 0 0 1 -1 0 0 
1 -82.5 -9.3716981369978588e-16 13.1543425 1 0 0 0 0 1 0 -1 0 
1 -82.5 38.459409011115319 8 0 0 1 0 1 0 -1 0 0 
1 -81.700000000000031 39.259409011115324 8 -0.70710678118654124 -0.70710678118655379 -3.4749936332758903e-18 -2.457191562669439e-18 -2.4571915626694825e-18 1 0.70710678118655379 -0.70710678118654124 -0 
1 -82.5 47.5 0 -0 -0 -1 0 -1 0 -1 0 0 
1 -82.5 47.5 26.308685000000004 0 1 0 0 0 -1 -1 0 0 
1 -82.5 -47.5 0 0 -1 0 0 0 1 -1 0 0 
1 -82.5 39.459409011115319 23.308685000000004 0 0.68671268308697508 -0.72692894486840165 0 -0.72692894486840165 -0.68671268308697508 -1 0 -0 
1 -82.5 38.459409011115319 20.808685000000004 0 1 0 0 0 -1 -1 0 0 
1 -81.700000000000031 38.459409011115319 8.1999999999999993 -0.70710678118654291 3.4749936332758903e-18 0.70710678118655212 2.4571915626694447e-18 1 -2.4571915626694767e-18 0.70710678118655212 -0 0.70710678118654291 
1 -82.500000000000028 2.5049885116341266 15.985530093456099 1 -1.9934578167527355e-31 5.3863200923170358e-32 1.9934578167527355e-31 1 0 -5.3863200923170358e-32 1.073740189156171e-62 1 
1 -81.700000000000031 39.596751547732715 23.163299211026324 -0.7071067811865438 0.48557919493761131 -0.51401638635723135 -8.3266726846886741e-17 -0.72692894486840154 -0.6867126830869752 0.70710678118655124 0.4855791949376061 -0.51401638635722602 
1 -82.5 -9.3716981369978588e-16 13.1543425 1 0 0 0 0 1 0 -1 0 
1 -82.5 -47.5 26.308685000000004 0 0 1 0 1 0 -1 0 0 
1 -82.5 31.356801830228811 15.654342500000002 0 -0.68671268308697531 -0.72692894486840154 0 -0.72692894486840154 0.68671268308697531 -1 -0 0 
1 -82.5 23.254194649342306 23.308685000000004 0 1 0 0 0 -1 -1 0 0 
1 -82.5 23.254194649342306 8 0 0 1 0 1 0 -1 0 0 
1 -82.5 24.254194649342306 8 0 -1 0 0 0 1 -1 0 0 
1 -82.5 24.254194649342306 20.808685000000004 0 0.73303204385846621 0.68019410661713298 0 0.68019410661713298 -0.73303204385846621 -1 0 0 
1 -82.5 31.356801830228811 13.154342500000002 0 -0.7330320438584661 0.6801941066171332 0 0.6801941066171332 0.7330320438584661 -1 0 0 
1 -82.5 18.880421098947743 11 0 1 0 0 0 -1 -1 0 0 
1 -82.5 13.880421098947743 11 0 0 1 0 1 0 -1 0 0 
1 -82.5 13.880421098947743 20.308685000000004 0 1 0 0 0 -1 -1 0 0 
1 -82.5 18.880421098947743 20.308685000000004 0 0 -1 0 -1 0 -1 -0 -0 
1 -82.5 18.880421098947743 23.308685000000004 0 1 0 0 0 -1 -1 0 0 
1 -82.5 4.7760001621493693 23.308685000000004 0 0 1 0 1 0 -1 0 0 
1 -82.5 4.7760001621493693 20.308685000000004 0 -1 0 0 0 1 -1 0 0 
1 -82.5 9.7760001621493693 20.308685000000004 0 0 -1 0 -1 0 -1 -0 -0 
1 -82.5 9.7760001621493693 11 0 -1 0 0 0 1 -1 0 0 
1 -82.5 4.7760001621493693 11 0 0 1 0 1 0 -1 0 0 
1 -82.5 4.7760001621493693 8 0 -1 0 0 0 1 -1 0 0 
1 -82.5 18.880421098947743 8 0 0 -1 0 -1 0 -1 -0 -0 
1 -82.5 -2.1775609888846783 7.9568499999999993 0 -1 0 0 0 1 -1 0 0 
1 -82.5 -2.1775609888846783 23.265535000000003 0 0.71824634316989733 -0.69578889795905075 0 -0.69578889795905075 -0.71824634316989733 -1 0 -0 
1 -82.5 -9.5925747697711845 15.611192500000001 0 -0.71824634316989733 -0.69578889795905075 0 -0.69578889795905075 0.71824634316989733 -1 -0 0 
1 -82.5 -17.00758855065769 23.265535000000003 0 1 0 0 0 -1 -1 0 0 
1 -82.5 -17.00758855065769 7.9568499999999993 0 0 1 0 1 0 -1 0 0 
1 -82.5 -16.00758855065769 7.9568499999999993 0 -1 0 0 0 1 -1 0 0 
1 -82.5 -16.00758855065769 20.765535000000003 0 0.76642603032923406 0.64233257743459671 0 0.64233257743459671 -0.76642603032923406 -1 0 0 
1 -82.5 -9.5925747697711845 13.111192500000001 0 -0.76642603032923406 0.64233257743459671 0 0.64233257743459671 0.76642603032923406 -1 0 0 
1 -82.5 -3.1775609888846787 20.765535000000003 0 1 0 0 0 -1 -1 0 0 
1 -82.5 -3.1775609888846787 7.9568499999999993 0 0 1 0 1 0 -1 0 0 
1 -82.5 -21.610559901052255 10.956849999999999 0 1 0 0 0 -1 -1 0 0 
1 -82.5 -26.610559901052255 10.956849999999999 0 0 1 0 1 0 -1 0 0 
1 -82.5 -26.610559901052255 20.265535000000003 0 1 0 0 0 -1 -1 0 0 
1 -82.5 -21.610559901052255 20.265535000000003 0 0 -1 0 -1 0 -1 -0 -0 
1 -82.5 -21.610559901052255 23.265535000000003 0 1 0 0 0 -1 -1 0 0 
1 -82.5 -35.714980837850632 23.265535000000003 0 0 1 0 1 0 -1 0 0 
1 -82.5 -35.714980837850632 20.265535000000003 0 -1 0 0 0 1 -1 0 0 
1 -82.5 -30.714980837850632 20.265535000000003 0 0 -1 0 -1 0 -1 -0 -0 
1 -82.5 -30.714980837850632 10.956849999999999 0 -1 0 0 0 1 -1 0 0 
1 -82.5 -35.714980837850632 10.956849999999999 0 0 1 0 1 0 -1 0 0 
1 -82.5 -35.714980837850632 7.9568499999999993 0 -1 0 0 0 1 -1 0 0 
1 -82.5 -21.610559901052255 7.9568499999999993 0 0 -1 0 -1 0 -1 -0 -0 
1 -81.700000000000031 38.659409011115315 20.808685000000004 -0.70710678118654124 0.70710678118655379 3.4749936332758903e-18 -2.457191562669439e-18 2.4571915626694825e-18 -1 0.70710678118655379 0.70710678118654124 -0 
1 -81.700000000000031 31.219459293611415 15.508956711026322 -0.70710678118654158 -0.48557919493761281 -0.51401638635723301 0 -0.72692894486840154 0.6867126830869752 0.70710678118655346 -0.48557919493760465 -0.51401638635722435 
1 -81.700000000000031 31.210195421457122 13.290381321323428 -0.70710678118654313 -0.5183319290393591 0.48096986531210356 2.2204460492503131e-16 0.68019410661713331 0.73303204385846588 0.7071067811865519 -0.51833192903935288 0.48096986531209734 
1 -81.700000000000031 23.454194649342305 23.308685000000004 -0.70710678118654124 0.70710678118655379 3.4749936332758903e-18 -2.457191562669439e-18 2.4571915626694825e-18 -1 0.70710678118655379 0.70710678118654124 -0 
1 -81.700000000000031 24.400801058113998 20.944723821323429 -0.70710678118654313 0.51833192903935965 0.48096986531210323 1.1102230246251563e-16 0.68019410661713298 -0.73303204385846643 0.70710678118655212 0.51833192903935299 0.48096986531209718 
1 -81.700000000000031 23.254194649342306 8.1999999999999993 -0.70710678118654291 6.9499872665517806e-18 0.70710678118655212 4.9143831253388895e-18 1 -4.9143831253389534e-18 0.70710678118655212 -0 0.70710678118654291 
1 -81.700000000000031 24.054194649342307 8 -0.70710678118654124 -0.70710678118655379 -3.4749936332758903e-18 -2.457191562669439e-18 -2.4571915626694825e-18 1 0.70710678118655379 -0.70710678118654124 -0 
1 -81.700000000000031 18.680421098947743 11 0.70710678118654124 0.70710678118655379 -3.4749936332758903e-18 -2.457191562669439e-18 -2.4571915626694825e-18 -1 0.70710678118655379 -0.70710678118654124 -0 
1 -81.700000000000031 13.880421098947743 10.800000000000001 0.70710678118654291 -3.4749936332758903e-18 0.70710678118655212 2.4571915626694447e-18 1 2.4571915626694767e-18 0.70710678118655212 -0 -0.70710678118654291 
1 -81.700000000000031 13.680421098947743 20.308685000000004 0.70710678118654291 0.70710678118655212 3.4749936332758903e-18 2.4571915626694447e-18 2.4571915626694767e-18 -1 0.70710678118655212 -0.70710678118654291 -0 
1 -81.700000000000031 18.880421098947743 20.508685000000003 0.70710678118654124 -3.4749936332758903e-18 -0.70710678118655379 -2.457191562669439e-18 -1 2.4571915626694825e-18 0.70710678118655379 -0 0.70710678118654124 
1 -81.700000000000031 18.680421098947743 23.308685000000004 0.70710678118654124 0.70710678118655379 -3.4749936332758903e-18 -2.457191562669439e-18 -2.4571915626694825e-18 -1 0.70710678118655379 -0.70710678118654124 -0 
1 -81.700000000000031 4.7760001621493693 23.108685000000005 0.70710678118654124 3.4749936332758903e-18 0.70710678118655379 -2.457191562669439e-18 1 -2.4571915626694825e-18 0.70710678118655379 -0 -0.70710678118654124 
1 -81.700000000000031 4.9760001621493695 20.308685000000004 0.70710678118654291 -0.70710678118655212 -3.4749936332758903e-18 2.4571915626694447e-18 -2.4571915626694767e-18 1 0.70710678118655212 0.70710678118654291 -0 
1 -81.700000000000031 9.7760001621493693 20.508685000000003 0.70710678118654124 -3.4749936332758903e-18 -0.70710678118655379 -2.457191562669439e-18 -1 2.4571915626694825e-18 0.70710678118655379 -0 0.70710678118654124 
1 -81.700000000000031 9.9760001621493686 11 0.70710678118654291 -0.70710678118655212 -3.4749936332758903e-18 2.4571915626694447e-18 -2.4571915626694767e-18 1 0.70710678118655212 0.70710678118654291 -0 
1 -81.700000000000031 4.7760001621493693 10.800000000000001 0.70710678118654291 -3.4749936332758903e-18 0.70710678118655212 2.4571915626694447e-18 1 2.4571915626694767e-18 0.70710678118655212 -0 -0.70710678118654291 
1 -81.700000000000031 4.9760001621493695 8 0.70710678118654291 -0.70710678118655212 -3.4749936332758903e-18 2.4571915626694447e-18 -2.4571915626694767e-18 1 0.70710678118655212 0.70710678118654291 -0 
1 -81.700000000000031 18.880421098947743 8.1999999999999993 0.70710678118654291 3.4749936332758903e-18 -0.70710678118655212 2.4571915626694447e-18 -1 -2.4571915626694767e-18 0.70710678118655212 -0 0.70710678118654291 
1 -81.700000000000031 -2.377560988884678 7.9568499999999993 -0.70710678118654247 -0.70710678118655268 0 0 0 1 0.70710678118655268 -0.70710678118654247 -0 
1 -81.700000000000031 -2.0339117202506998 23.126377220408195 -0.70710678118654313 0.50787685981787756 -0.49199704802116268 2.7755575615628907e-17 -0.69578889795905086 -0.71824634316989722 0.70710678118655201 0.50787685981787112 -0.49199704802115646 
1 -81.700000000000031 -9.7362240384051653 15.472034720408192 -0.70710678118654258 -0.507876859817878 -0.4919970480211629 -2.7755575615628914e-17 -0.69578889795905075 0.71824634316989733 0.70710678118655257 -0.50787685981787101 -0.49199704802115607 
1 -81.700000000000031 -16.807588550657691 23.265535000000003 -0.70710678118654124 0.70710678118655379 3.4749936332758903e-18 -2.457191562669439e-18 2.4571915626694825e-18 -1 0.70710678118655379 0.70710678118654124 -0 
1 -81.700000000000031 -17.00758855065769 8.1568499999999986 -0.70710678118654291 3.4749936332758903e-18 0.70710678118655212 2.4571915626694447e-18 1 -2.4571915626694767e-18 0.70710678118655212 -0 0.70710678118654291 
1 -81.700000000000031 -16.20758855065769 7.9568499999999993 -0.70710678118654124 -0.70710678118655379 -3.4749936332758903e-18 -2.457191562669439e-18 -2.4571915626694825e-18 1 0.70710678118655379 -0.70710678118654124 -0 
1 -81.700000000000031 -15.854303344591848 20.89400151548692 -0.70710678118654113 0.54194504332369275 0.45419772128104058 -8.3266726846886741e-17 0.64233257743459671 -0.76642603032923406 0.7071067811865539 0.5419450433236831 0.45419772128103231 
1 -81.700000000000031 -9.7458599758370319 13.239659015486922 -0.70710678118654213 -0.54194504332369198 0.45419772128103991 0 0.64233257743459671 0.76642603032923406 0.70710678118655301 -0.54194504332368376 0.45419772128103303 
1 -81.700000000000031 -2.9775609888846786 20.765535000000003 -0.70710678118654247 0.70710678118655268 0 0 0 -1 0.70710678118655268 0.70710678118654247 0 
1 -81.700000000000031 -3.1775609888846787 8.1568499999999986 -0.70710678118654291 3.4749936332758903e-18 0.70710678118655212 2.4571915626694447e-18 1 -2.4571915626694767e-18 0.70710678118655212 -0 0.70710678118654291 
1 -81.700000000000031 -21.810559901052255 10.956849999999999 0.70710678118654124 0.70710678118655379 -3.4749936332758903e-18 -2.457191562669439e-18 -2.4571915626694825e-18 -1 0.70710678118655379 -0.70710678118654124 -0 
1 -81.700000000000031 -26.610559901052255 10.75685 0.70710678118654291 -3.4749936332758903e-18 0.70710678118655212 2.4571915626694447e-18 1 2.4571915626694767e-18 0.70710678118655212 -0 -0.70710678118654291 
1 -81.700000000000031 -26.810559901052255 20.265535000000003 0.70710678118654124 0.70710678118655379 -3.4749936332758903e-18 -2.457191562669439e-18 -2.4571915626694825e-18 -1 0.70710678118655379 -0.70710678118654124 -0 
1 -81.700000000000031 -21.610559901052255 20.465535000000003 0.70710678118654124 -3.4749936332758903e-18 -0.70710678118655379 -2.457191562669439e-18 -1 2.4571915626694825e-18 0.70710678118655379 -0 0.70710678118654124 
1 -81.700000000000031 -21.810559901052255 23.265535000000003 0.70710678118654124 0.70710678118655379 -3.4749936332758903e-18 -2.457191562669439e-18 -2.4571915626694825e-18 -1 0.70710678118655379 -0.70710678118654124 -0 
1 -81.700000000000031 -35.714980837850632 23.065535000000004 0.70710678118654124 3.4749936332758903e-18 0.70710678118655379 -2.457191562669439e-18 1 -2.4571915626694825e-18 0.70710678118655379 -0 -0.70710678118654124 
1 -81.700000000000031 -35.514980837850629 20.265535000000003 0.70710678118654124 -0.70710678118655379 3.4749936332758903e-18 -2.457191562669439e-18 2.4571915626694825e-18 1 0.70710678118655379 0.70710678118654124 -0 
1 -81.700000000000031 -30.714980837850632 20.465535000000003 0.70710678118654124 -3.4749936332758903e-18 -0.70710678118655379 -2.457191562669439e-18 -1 2.4571915626694825e-18 0.70710678118655379 -0 0.70710678118654124 
1 -81.700000000000031 -30.514980837850633 10.956849999999999 0.70710678118654124 -0.70710678118655379 3.4749936332758903e-18 -2.457191562669439e-18 2.4571915626694825e-18 1 0.70710678118655379 0.70710678118654124 -0 
1 -81.700000000000031 -35.714980837850632 10.75685 0.70710678118654291 -3.4749936332758903e-18 0.70710678118655212 2.4571915626694447e-18 1 2.4571915626694767e-18 0.70710678118655212 -0 -0.70710678118654291 
1 -81.700000000000031 -35.514980837850629 7.9568499999999993 0.70710678118654124 -0.70710678118655379 3.4749936332758903e-18 -2.457191562669439e-18 2.4571915626694825e-18 1 0.70710678118655379 0.70710678118654124 -0 
1 -81.700000000000031 -21.610559901052255 8.1568499999999986 0.70710678118654291 3.4749936332758903e-18 -0.70710678118655212 2.4571915626694447e-18 -1 -2.4571915626694767e-18 0.70710678118655212 -0 0.70710678118654291 
1 -82.500000000000028 2.5049885116341266 15.985530093456099 1 -1.9934578167527355e-31 5.3863200923170358e-32 1.9934578167527355e-31 1 0 -5.3863200923170358e-32 1.073740189156171e-62 1 
